data;

param w_class := 1  0  2  0.3  3  1  4  2  5  4  6  7;
param l_m := 1 40 2 45 3 50 4 55 5 60 6 65 7 70 8 75 9 80 10 85;


param w_mean := 1  0.10468177  2  0.55601765  3  1.37561463  4  2.69942353 5  5.10065383  6  9.34612779;
param beta_preferences := 1 0 2 0.1537  3 0.1999  4 0.2301  5 0.2370  6 0.1793;

param n_0 :=    1    1    1.9611588622025853       1    2    2.1554343479244173       1    3    2.4780297561455593       1    4    2.708406005116453       1    5    2.686108186436122       1    6    2.3812013883123604       1    7    1.8816820940550718       1    8    1.3337341429564014       1    9    0.8744377248928481       1    10    0.6018918350203485          2    1    0.6050301085935981       2    2    0.7345098832008135       2    3    0.9325334089757735       2    4    1.1218590482892448       2    5    1.2211184279702274       2    6    1.1853086524771825       2    7    1.0236968662681334       2    8    0.7918848427742899       2    9    0.5660616875092941       2    10    0.4242604600239648          3    1    0.041539573237632244       3    2    0.055371483423961365       3    3    0.07756088400029837       3    4    0.10233442095119516       3    5    0.12145289057286668       3    6    0.12788515867345418       3    7    0.11923392513515929       3    8    0.09910376099670803       3    9    0.07576362861224628       3    10    0.06025514865918158          4    1    0.0035774925888538284       4    2    0.0051624965953442625       4    3    0.007838664207202195       4    4    0.01114148723634334       4    5    0.014162004197639688       4    6    0.015894367699095524       4    7    0.015729018730730016       4    8    0.01382294686207236       4    9    0.011130398922080675       4    10    0.009266185666958138          5    1    0.0005027158187162449       5    2    0.0007856010377116952       5    3    0.0012927788091239983       5    4    0.0019781151586317908       5    5    0.0026902008279378886       5    6    0.0032141071633955687       5    7    0.003370912630083045       5    8    0.0031266869077609116       5    9    0.0026458095821742522       5    10    0.0022991203693270706          6    1    7.992858588359679e-05       6    2    0.0001375369370330854       6    3    0.00024966011824147614       6    4    0.0004185014413117076       6    5    0.0006197191235705439       6    6    0.0008022116749014964       6    7    0.0009075987802277669       6    8    0.0009043710056977072       6    9    0.0008183558032329452       6    10    0.0007540998716625627      ;
param g_sm :=    1    1    0.3602982051330684       1    2    0.3845403796215744       1    3    0.4087825541100804       1    4    0.4330247285985864       1    5    0.4572669030870923       1    6    0.48150907757559824       1    7    0.5057512520641043       1    8    0.5299934265526102       1    9    0.5542356010411161       1    10    0.5784777755296222          2    1    0.3979198851027691       2    2    0.42469338313766736       2    3    0.45146688117256567       2    4    0.4782403792074639       2    5    0.5050138772423621       2    6    0.5317873752772604       2    7    0.5585608733121586       2    8    0.5853343713470569       2    9    0.6121078693819552       2    10    0.6388813674168534          3    1    0.3769675929330275       3    2    0.4023313444982606       3    3    0.42769509606349376       3    4    0.45305884762872684       3    5    0.4784225991939599       3    6    0.503786350759193       3    7    0.5291501023244262       3    8    0.5545138538896592       3    9    0.5798776054548923       3    10    0.6052413570201255          4    1    0.2783315553136833       4    2    0.29705871529795125       4    3    0.31578587528221924       4    4    0.3345130352664872       4    5    0.3532401952507551       4    6    0.37196735523502306       4    7    0.390694515219291       4    8    0.40942167520355893       4    9    0.42814883518782687       4    10    0.44687599517209486          5    1    0.17575345571410614       5    2    0.18757878784088064       5    3    0.19940411996765517       5    4    0.21122945209442967       5    5    0.22305478422120417       5    6    0.2348801163479787       5    7    0.24670544847475323       5    8    0.25853078060152773       5    9    0.27035611272830223       5    10    0.2821814448550768          6    1    0.0       6    2    0.0       6    3    0.0       6    4    0.0       6    5    0.0       6    6    0.0       6    7    0.0       6    8    0.0       6    9    0.0       6    10    0.0      ;
param reproduction_factor :=    1    1    0.20499990150180641       1    2    0.14538085314818955       1    3    0.09869726052531197       1    4    0.06405863077746476       1    5    0.03970441390218776       1    6    0.023478675586611653       1    7    0.013235104879963544       1    8    0.007107163298779529       1    9    0.003633450406772043       1    10    0.0017675478273052603          2    1    0.4681108608099487       2    2    0.377300772155331       2    3    0.29283005734210005       2    4    0.21837472971148092       2    5    0.1561872642776121       2    6    0.10696888602414784       2    7    0.07005676726084076       2    8    0.043824989883660126       2    9    0.026160409056978473       2    10    0.014888548536239166          3    1    0.7009676281382756       3    2    0.6158607388769364       3    3    0.5247461651341674       3    4    0.43231284305565565       3    5    0.3434568207747511       3    6    0.26251690604183103       3    7    0.1926524739760272       3    8    0.1355089584555727       3    9    0.0912200380327472       3    10    0.05869330799143213          4    1    0.8664838021116044       4    2    0.8098556354622456       4    3    0.7404736361653583       4    4    0.6599212246249822       4    5    0.5713020305761642       4    6    0.47891848779429363       4    7    0.38765879112594664       4    8    0.3022345728395146       4    9    0.2264640032262094       4    10    0.1627789422580535          5    1    0.9632651487332344       5    2    0.9403055403853124       5    3    0.9073788475705526       5    4    0.8626334107460001       5    5    0.8050142974971497       5    6    0.734706788672004       5    7    0.6534135763655868       5    8    0.5643450271855233       5    9    0.47187264582610106       5    10    0.38089864442739535          6    1    0.9950756329250319       6    2    0.9905763450771139       6    3    0.9828267112701459       6    4    0.9701783351247979       6    5    0.9506167147266358       6    6    0.9219490979280984       6    7    0.8821388135949617       6    8    0.8297527121453178       6    9    0.7644315132070453       6    10    0.6872506541038135      ;
